141
9986
8407
9901
7
4488
7748
3944
8193
4789
3885
288
8824
1886
6335
7149
1599
2199
9598
3194
4513
7019
1475
794
8080
6006
2773
1072
9712
9508
7128
1289
1779
6079
1926
349
6983
8212
655
2486
8513
4423
3899
4516
2062
7499
4179
1812
4062
6932
4582
8739
4241
7196
7517
8060
7
7428
2304
6797
4870
3760
8345
5433
2903
1908
5531
4436
8902
9507
6280
2499
6755
9161
679
6754
2123
4129
2114
4933
6973
2595
6614
1953
7149
640
4263
1241
5352
3370
9468
5421
3083
1467
4602
8900
6516
8990
929
5978
8193
4950
6754
6907